<?xml version="1.0"?>
<opencv_storage>
<R type_id="opencv-matrix">
  <rows>3</rows>
  <cols>3</cols>
  <dt>d</dt>
  <data>
    9.9995582461643995e-01 8.6072211953422441e-03 3.7768451053682658e-03
    -8.4479009758259803e-03 9.9915008327578103e-01
    -4.0345310249177604e-02 -4.1208961110578172e-03
    4.0311621566171310e-02 9.9917865838995357e-01</data></R>
</opencv_storage>
