<?xml version="1.0"?>
<opencv_storage>
<R type_id="opencv-matrix">
  <rows>3</rows>
  <cols>3</cols>
  <dt>d</dt>
  <data>
    6.3212577553556604e-01 7.4387456544861105e-02 7.7128691821678486e-01
    -1.0111209252486354e-01 9.9478912308923007e-01
    -1.3074606250436802e-02 -7.6824042372736578e-01
    -6.9721638622072896e-02 6.3635331731597855e-01</data></R>
<T type_id="opencv-matrix">
  <rows>3</rows>
  <cols>1</cols>
  <dt>d</dt>
  <data>
    -5.4068686078252802e+02 -1.8575579275914258e+01
    4.2715600207560618e+02</data></T>
<R1 type_id="opencv-matrix">
  <rows>3</rows>
  <cols>3</cols>
  <dt>d</dt>
  <data>
    9.6917420943459653e-01 1.2836169393253549e-01 2.1029652231455223e-01
    -1.2686951325977738e-01 9.9170487597839507e-01
    -2.0629240555657118e-02 -2.1120009084290678e-01
    -6.6868895195060646e-03 9.7741997479921694e-01</data></R1>
<R2 type_id="opencv-matrix">
  <rows>3</rows>
  <cols>3</cols>
  <dt>d</dt>
  <data>
    7.8438745530504317e-01 2.6948040383233805e-02
    -6.1968550336407136e-01 -2.2338149467312357e-02
    9.9963498509867910e-01 1.5195513980761022e-02 6.1986879824560848e-01
    1.9234568534519641e-03 7.8470311154937955e-01</data></R2>
<P1 type_id="opencv-matrix">
  <rows>3</rows>
  <cols>4</cols>
  <dt>d</dt>
  <data>
    .Nan 0. .Nan 0. 0. .Nan .Nan 0. 0. 0. 1. 0.</data></P1>
<P2 type_id="opencv-matrix">
  <rows>3</rows>
  <cols>4</cols>
  <dt>d</dt>
  <data>
    .Nan 0. .Nan .Nan 0. .Nan .Nan 0. 0. 0. 1. 0.</data></P2>
<Q type_id="opencv-matrix">
  <rows>4</rows>
  <cols>4</cols>
  <dt>d</dt>
  <data>
    1. 0. 0. .Nan 0. 1. 0. .Nan 0. 0. 0. .Nan 0. 0.
    1.4507240922588924e-03 .Nan</data></Q>
</opencv_storage>
