<?xml version="1.0"?>
<opencv_storage>
<M1 type_id="opencv-matrix">
  <rows>3</rows>
  <cols>3</cols>
  <dt>d</dt>
  <data>
	780.96374  0.   478.73296
	0.   782.08564  265.79692
	0.   0.   1.0 </data></M1>
<D1 type_id="opencv-matrix">
  <rows>5</rows>
  <cols>1</cols>
  <dt>d</dt>
  <data>
	0.13258   -0.35049   0.00026   0.00496  0.00000
  </data></D1>
<M2 type_id="opencv-matrix">
  <rows>3</rows>
  <cols>3</cols>
  <dt>d</dt>
  <data>
	842.25861  0.   461.55895
	0.   838.46926  316.88318
	0.   0.   1.0 </data></M2>
<D2 type_id="opencv-matrix">
  <rows>5</rows>
  <cols>1</cols>
  <dt>d</dt>
  <data>
	 0.27170   -0.66363   0.02277   -0.00707  0.00000
  </data></D2>
</opencv_storage>
