<?xml version="1.0"?>
<opencv_storage>
<M1 type_id="opencv-matrix">
  <rows>3</rows>
  <cols>3</cols>
  <dt>d</dt>
  <data>
    6.2644281347732385e+02 0. 2.8979063409961759e+02 0.
    6.2644281347732385e+02 2.3697281536162387e+02 0. 0. 1.</data></M1>
<D1 type_id="opencv-matrix">
  <rows>1</rows>
  <cols>12</cols>
  <dt>d</dt>
  <data>
    -3.9446870464610900e-01 2.5347793714349045e+00 0. 0. 0. 0. 0.
    2.5709672367704890e+00 0. 0. 0. 0.</data></D1>
<M2 type_id="opencv-matrix">
  <rows>3</rows>
  <cols>3</cols>
  <dt>d</dt>
  <data>
    6.2644281347732385e+02 0. 5.6425119970327182e+02 0.
    6.2644281347732385e+02 2.9259817751324215e+02 0. 0. 1.</data></M2>
<D2 type_id="opencv-matrix">
  <rows>1</rows>
  <cols>12</cols>
  <dt>d</dt>
  <data>
    5.0152425667525087e+00 -4.9866928346374384e-01 0. 0. 0. 0. 0.
    1.0012258045610608e+02 0. 0. 0. 0.</data></D2>
</opencv_storage>
