<?xml version="1.0"?>
<opencv_storage>
<R type_id="opencv-matrix">
  <rows>3</rows>
  <cols>3</cols>
  <dt>d</dt>
  <data>
    9.9952038616980954e-01 9.7043810847356644e-03
    -2.9407866612812309e-02 -9.5418044912297800e-03
    9.9993843668499327e-01 5.6636390265253330e-03 2.9461018278496138e-02
    -5.3803185531953622e-03 9.9955144968843912e-01</data></R>
<T type_id="opencv-matrix">
  <rows>3</rows>
  <cols>1</cols>
  <dt>d</dt>
  <data>
    -6.0077618141226710e+00 -2.1459455573731995e-01
    -1.4290911867135110e+01</data></T>
<R1 type_id="opencv-matrix">
  <rows>3</rows>
  <cols>3</cols>
  <dt>d</dt>
  <data>
    4.1433946643222092e-01 1.2641587479628420e-02 9.1003461298054877e-01
    -1.8117833119464490e-02 9.9981995239862420e-01
    -5.6397614016994464e-03 -9.0994205896843661e-01
    -1.4151079520932858e-02 4.1449390377745543e-01</data></R1>
<R2 type_id="opencv-matrix">
  <rows>3</rows>
  <cols>3</cols>
  <dt>d</dt>
  <data>
    3.8750124576457529e-01 1.3841370589464760e-02 9.2176526349776666e-01
    -8.2406563709013520e-03 9.9989933541660037e-01
    -1.1550351337409052e-02 -9.2183234707482409e-01
    -3.1201752588539029e-03 3.8757630009183364e-01</data></R2>
<P1 type_id="opencv-matrix">
  <rows>3</rows>
  <cols>4</cols>
  <dt>d</dt>
  <data>
    -1.1111425536807712e+04 0. -8.1599066249847412e+04 0. 0.
    -1.1111425536807712e+04 -1.2395779802322388e+04 0. 0. 0. 1. 0.</data></P1>
<P2 type_id="opencv-matrix">
  <rows>3</rows>
  <cols>4</cols>
  <dt>d</dt>
  <data>
    -1.1111425536807712e+04 0. -8.1599066249847412e+04
    1.7226989272973200e+05 0. -1.1111425536807712e+04
    -1.2395779802322388e+04 0. 0. 0. 1. 0.</data></P2>
<Q type_id="opencv-matrix">
  <rows>4</rows>
  <cols>4</cols>
  <dt>d</dt>
  <data>
    1. 0. 0. 8.1599066249847412e+04 0. 1. 0. 1.2395779802322388e+04 0.
    0. 0. -1.1111425536807712e+04 0. 0. 6.4500101327862464e-02 0.</data></Q>
</opencv_storage>
